Correct predictions: [315, 306, 246, 121, 342]
Total test samples:  [330, 338, 286, 126, 345]
Test accuracy: 93 %
tensor([[ 315,    7,    7,    0,    1],
        [  16,  306,   16,    0,    0],
        [  15,   13,  246,    0,   12],
        [   1,    0,    1,  121,    3],
        [   0,    0,    3,    0,  342]], dtype=torch.int32)
Total testing loss: 17.879898890852928
Total training loss: 9.40836264938116
saved model
Training losses: 135.80939102172852 84.20917639136314 56.29939764738083 46.143917590379715 37.19066874682903 31.912129253149033 26.637156814336777 22.629779875278473 21.205118529498577 21.797939337790012 19.049059934914112 14.24189143255353 13.867605980485678 10.519310273230076 11.279970306903124 9.774493247270584 9.425608657300472 8.220258504152298 8.065344020724297 7.2883326932787895 9.40836264938116
Testing losses: 113.25945615768433 77.782555103302 70.50175547599792 52.076775670051575 48.42663860321045 38.85002839565277 27.487298399209976 28.480569303035736 29.44730633497238 33.60622036457062 24.770383208990097 27.79993748664856 20.660974740982056 23.699753403663635 20.727782666683197 17.680654123425484 21.49788910150528 17.28566288948059 17.29385358095169 16.915477879345417 17.879898890852928
